#vnsnbnsnbnsb
<<<<<<< HEAD
a <- c(123)
=======
a <- c(1,2,3)
>>>>>>> e447a2f0d28b8e4a04a778d06980377994334885
